"","ASV874","ASV3328","ASV4118","ASV7911","ASV9028","ASV10130"
"ASV874",0,0.0392156862745098,0.291946308724832,0.0392156862745098,0.042483660130719,0.0227272727272727
"ASV3328",0.0392156862745098,0,0.298657718120805,0.0392156862745098,0.00326797385620915,0.0490196078431373
"ASV4118",0.291946308724832,0.298657718120805,0,0.291946308724832,0.302013422818792,0.302013422818792
"ASV7911",0.0392156862745098,0.0392156862745098,0.291946308724832,0,0.042483660130719,0.0555555555555556
"ASV9028",0.042483660130719,0.00326797385620915,0.302013422818792,0.042483660130719,0,0.0522875816993464
"ASV10130",0.0227272727272727,0.0490196078431373,0.302013422818792,0.0555555555555556,0.0522875816993464,0
